5.099999999999999645e+00 3.500000000000000000e+00
4.900000000000000355e+00 3.000000000000000000e+00
4.700000000000000178e+00 3.200000000000000178e+00
4.599999999999999645e+00 3.100000000000000089e+00
5.000000000000000000e+00 3.600000000000000089e+00
5.400000000000000355e+00 3.899999999999999911e+00
4.599999999999999645e+00 3.399999999999999911e+00
5.000000000000000000e+00 3.399999999999999911e+00
4.400000000000000355e+00 2.899999999999999911e+00
4.900000000000000355e+00 3.100000000000000089e+00
5.400000000000000355e+00 3.700000000000000178e+00
4.799999999999999822e+00 3.399999999999999911e+00
4.799999999999999822e+00 3.000000000000000000e+00
4.299999999999999822e+00 3.000000000000000000e+00
